12,573605
12,744921
12,913980
13,080811
13,245443
13,407905
13,568227
13,726435
13,882558
14,036624
14,188659
14,338691
14,486745
14,632848
14,777026
14,919303
15,059706
15,198258
15,334984
15,469908
15,603053
15,734445
15,864104
15,992055
16,118319
16,242919
16,365878
16,487215
16,606954
16,725115
16,841718
16,956784
17,070334
17,182388
17,292965
17,402084
17,509766
17,616028
17,720890
17,824370
17,926486
18,027256
18,126698
18,224830
18,321668
18,417230
18,511533
18,604593
18,696426
18,787049
18,876478
18,964728
19,051815
19,137755
19,222562
19,306251
19,388837
19,470335
19,550758
19,630122
19,708440
19,785725
19,861993
19,937255
20,011525
20,084816
20,157141
20,228513
20,298945
20,368448
20,437035
20,504719
20,571510
20,637421
20,702464
20,766649
20,829988
20,892493
20,954174
21,015042
21,075108
21,134382
21,192875
21,250597
21,307558
21,363769
21,419238
21,473977
21,527995
21,581300
21,633903
21,685813
21,737038
21,787589
21,837473
21,886700
21,935278
21,983216
22,030522
22,077204
22,123272
22,168732
22,213593
22,257863
22,301549
22,344660
22,387203
22,429185
22,470613
22,511496
22,551839
22,591652
22,630939
22,669709
22,707967
22,745722
22,782979
22,819744
22,856026
22,891829
22,927160
22,962026
22,996432
23,030385
23,063890
23,096954
23,129582
23,161780
23,193553
23,224908
23,255850
23,286384
23,316515
23,346249
23,375592
23,404547
23,433122
23,461319
23,489145
23,516604
23,543702
23,570442
23,596830
23,622870
23,648566
23,673925
23,698949
23,723643
23,748011
23,772059
23,795790
23,819208
23,842317
23,865121
23,887626
23,909833
23,931748
23,953374
23,974715
23,995775
24,016557
24,037066
24,057304
24,077275
24,096983
24,116432
24,135624
24,154563
24,173253
24,191696
24,209896
24,227856
24,245580
24,263070
24,280329
24,297362
24,314169
24,330755
24,347123
24,363275
24,379213
24,394942
24,410464
24,425781
24,440896
24,455812
24,470531
24,485057
24,499391
24,513536
24,527494
24,541269
24,554862
24,568276
24,581513
24,594576
24,607467
24,620187
24,632740
24,645128
24,657352
24,669415
24,681320
24,693067
24,704660
24,716099
24,727388
24,738529
24,749522
24,760371
24,771076
24,781641
24,792066
24,802354
24,812506
24,822524
24,832411
24,842167
24,851794
24,861295
24,870670
24,879922
24,889052
24,898062
24,906953
24,915727
24,924385
24,932929
24,941360
24,949680
24,957891
24,965993
24,973989
24,981879
24,989665
24,997349
25,004931
25,012414
25,019798
25,027084
25,034275
25,041370
25,048373
25,055283
25,062101
25,068830
25,075471
25,082023
25,088490
25,094871
25,101168
25,107382
25,113515
25,119566
25,125538
25,131431
25,137246
25,142985
25,148648
25,154236
25,159751
25,165193
25,170563
25,175863
25,181092
25,186253
25,191346
25,196372
25,201331
25,206225
25,211055
25,215821
25,220524
25,225165
25,229745
25,234264
25,238724
25,243126
25,247469
25,251755
25,255984
25,260158
25,264277
25,268341
25,272352
25,276310
25,280216
25,284071
25,287874
25,291628
25,295332
25,298987
25,302594
25,306154
25,309666
25,313133
25,316553
25,319929
25,323260
25,326547
25,329791
25,332992
25,336151
25,339268
25,342344
25,345380
25,348375
25,351332
25,354249
25,357127
25,359968
25,362772
25,365538
25,368268
25,370962
25,373620
25,376244
25,378833
25,381388
25,383909
25,386396
25,388852
25,391274
25,393665
25,396024
25,398352
25,400650
25,402917
25,405154
25,407362
25,409541
25,411691
25,413813
25,415907
25,417973
25,420012
25,422024
25,424009
25,425969
25,427902
25,429810
25,431693
25,433551
25,435385
25,437194
25,438980
25,440742
25,442481
25,444197
25,445890
25,447561
25,449210
25,450837
25,452443
25,454027
25,455591
25,457134
25,458657
25,460160
25,461643
25,463106
25,464550
25,465975
25,467382
25,468769
25,470139
25,471490
25,472824
25,474140
25,475439
25,476720
25,477985
25,479233
25,480464
25,481680
25,482879
25,484062
25,485230
25,486383
25,487520
25,488643
25,489750
25,490843
25,491922
25,492986
25,494036
25,495073
25,496096
25,497105
25,498101
25,499084
25,500054
25,501011
25,501955
25,502887
25,503807
25,504715
25,505611
25,506495
25,507367
25,508228
25,509077
25,509915
25,510743
25,511559
25,512364
25,513159
25,513944
25,514718
25,515482
25,516236
25,516979
25,517714
25,518438
25,519153
25,519858
25,520554
25,521241
25,521919
25,522588
25,523248
25,523900
25,524543
25,525177
25,525803
25,526421
25,527031
25,527632
25,528226
25,528812
25,529390
25,529961
25,530524
25,531079
25,531627
25,532168
25,532702
25,533229
25,533749
25,534262
25,534769
25,535268
25,535761
25,536248
25,536728
25,537202
25,537669
25,538131
25,538586
25,539036
25,539479
25,539916
25,540348
25,540774
25,541195
25,541610
25,542019
25,542423
25,542822
25,543216
25,543604
25,543987
25,544365
25,544739
25,545107
25,545470
25,545829
25,546183
25,546532
25,546876
25,547217
25,547552
25,547883
25,548210
25,548533
25,548851
25,549165
25,549475
25,549781
25,550082
25,550380
25,550674
25,550964
25,551250
25,551533
25,551812
25,552087
25,552358
25,552626
25,552890
25,553151
25,553408
25,553662
25,553913
25,554160
25,554404
25,554645
25,554883
25,555117
25,555349
25,555577
25,555803
25,556025
25,556245
25,556461
25,556675
25,556886
25,557094
25,557300
25,557502
25,557702
25,557900
25,558094
25,558287
25,558476
25,558664
25,558848
25,559031
25,559211
25,559388
25,559563
25,559736
25,559907
25,560075
25,560241
25,560405
25,560567
25,560727
25,560884
25,561040
25,561193
25,561344
25,561494
25,561641
25,561787
25,561930
25,562072
25,562212
25,562350
25,562486
25,562620
25,562753
25,562884
25,563013
25,563140
25,563266
25,563390
25,563512
25,563633
25,563752
25,563870
25,563986
25,564101
25,564214
25,564325
25,564436
25,564544
25,564651
25,564757
25,564862
25,564965
25,565066
25,565167
25,565266
25,565363
25,565460
25,565555
25,565649
25,565742
25,565833
25,565923
25,566012
25,566100
25,566187
25,566273
25,566357
25,566440
25,566523
25,566604
25,566684
25,566763
25,566841
25,566918
25,566994
25,567069
25,567143
25,567216
25,567288
25,567359
25,567429
25,567498
25,567566
25,567634
25,567700
25,567766
25,567831
25,567895
25,567958
25,568020
25,568081
25,568142
25,568202
25,568261
25,568319
25,568377
25,568433
25,568489
25,568544
25,568599
25,568653
25,568706
25,568758
25,568810
25,568861
25,568911
25,568961
25,569010
25,569058
25,569106
25,569153
25,569200
25,569246
25,569291
25,569335
25,569380
25,569423
25,569466
25,569508
25,569550
25,569591
25,569632
25,569672
25,569712
25,569751
25,569790
25,569828
25,569865
25,569902
25,569939
25,569975
25,570011
25,570046
25,570081
25,570115
25,570149
25,570182
25,570215
25,570248
25,570280
25,570311
25,570343
25,570373
25,570404
25,570434
25,570463
25,570493
25,570521
25,570550
25,570578
25,570606
25,570633
25,570660
25,570687
25,570713
25,570739
25,570764
25,570790
25,570815
25,570839
25,570863
25,570887
25,570911
25,570934
25,570957
25,570980
25,571002
25,571025
25,571046
25,571068
25,571089
25,571110
25,571131
25,571151
25,571171
25,571191
25,571211
25,571230
25,571249
25,571268
25,571287
25,571305
25,571323
25,571341
25,571359
25,571376
25,571393
25,571410
25,571427
25,571444
25,571460
25,571476
25,571492
25,571508
25,571523
25,571538
25,571553
25,571568
25,571583
25,571597
25,571612
25,571626
25,571640
25,571653
25,571667
25,571680
25,571693
25,571706
25,571719
25,571732
25,571744
25,571757
25,571769
25,571781
25,571793
25,571804
25,571816
25,571827
25,571839
25,571850
25,571861
25,571871
25,571882
25,571893
25,571903
25,571913
25,571923
25,571933
25,571943
25,571953
25,571963
25,571972
25,571981
25,571991
25,572000
25,572009
25,572017
25,572026
25,572035
25,572043
25,572052
25,572060
25,572068
25,572076
25,572084
25,572092
25,572100
25,572107
25,572115
25,572122
25,572130
25,572137
25,572144
25,572151
25,572158
25,572165
25,572172
25,572179
25,572185
25,572192
25,572198
25,572205
25,572211
25,572217
25,572223
25,572229
25,572235
25,572241
25,572247
25,572252
25,572258
25,572264
25,572269
25,572275
25,572280
25,572285
25,572290
25,572296
25,572301
25,572306
25,572311
25,572315
25,572320
25,572325
25,572330
25,572334
25,572339
25,572343
25,572348
25,572352
25,572357
25,572361
25,572365
25,572369
25,572373
25,572377
25,572381
25,572385
25,572389
25,572393
25,572397
25,572401
25,572404
25,572408
25,572411
25,572415
25,572418
25,572422
25,572425
25,572429
25,572432
25,572435
25,572439
25,572442
25,572445
25,572448
25,572451
25,572454
25,572457
25,572460
25,572463
25,572466
25,572469
25,572471
25,572474
25,572477
25,572480
25,572482
25,572485
25,572487
25,572490
25,572492
25,572495
25,572497
25,572500
25,572502
25,572504
25,572507
25,572509
25,572511
25,572514
25,572516
25,572518
25,572520
25,572522
25,572524
25,572526
25,572528
25,572530
25,277613
25,278915
25,280211
25,281502
25,282787
25,284066
25,285339
25,286607
25,287870
25,289126
25,290377
25,291623
25,292863
25,294098
25,295327
25,296551
25,297769
25,298982
25,300190
25,301392
25,302590
25,303781
25,304968
25,306149
25,307325
25,308496
25,309662
25,310822
25,311978
25,313128
25,314273
25,315414
25,316549
25,317679
25,318804
25,319924
25,321040
25,322150
25,323255
25,324356
25,325452
25,326543
25,327629
25,328710
25,329786
25,330858
25,331925
25,332988
25,334045
25,335098
25,336147
25,337190
25,338229
25,339264
25,340294
25,341319
25,342340
25,343356
25,344368
25,345376
25,346379
25,347377
25,348371
25,349361
25,350347
25,351328
25,352304
25,353277
25,354245
25,355209
25,356168
25,357124
25,358075
25,359022
25,359964
25,360903
25,361837
25,362768
25,363694
25,364616
25,365534
25,366448
25,367358
25,368264
25,369166
25,370064
25,370958
25,371848
25,372735
25,373617
25,374495
25,375370
25,376240
25,377107
25,377970
25,378829
25,379685
25,380536
25,381384
25,382228
25,383068
25,383905
25,384738
25,385567
25,386393
25,387215
25,388033
25,388848
25,389659
25,390467
25,391271
25,392071
25,392868
25,393662
25,394452
25,395238
25,396021
25,396800
25,397576
25,398349
25,399118
25,399884
25,400647
25,401406
25,402161
25,402914
25,403663
25,404409
25,405151
25,405890
25,406626
25,407359
25,408089
25,408815
25,409538
25,410258
25,410974
25,411688
25,412398
25,413106
25,413810
25,414511
25,415209
25,415903
25,416595
25,417284
25,417970
25,418652
25,419332
25,420009
25,420682
25,421353
25,422021
25,422685
25,423347
25,424006
25,424662
25,425315
25,425966
25,426613
25,427258
25,427899
25,428538
25,429174
25,429807
25,430438
25,431065
25,431690
25,432312
25,432932
25,433548
25,434162
25,434773
25,435382
25,435988
25,436591
25,437191
25,437789
25,438384
25,438977
25,439567
25,440154
25,440739
25,441321
25,441901
25,442478
25,443053
25,443624
25,444194
25,444761
25,445325
25,445887
25,446447
25,447004
25,447558
25,448110
25,448660
25,449207
25,449752
25,450295
25,450835
25,451372
25,451907
25,452440
25,452971
25,453499
25,454025
25,454549
25,455070
25,455589
25,456105
25,456620
25,457132
25,457642
25,458149
25,458655
25,459158
25,459659
25,460158
25,460654
25,461148
25,461640
25,462130
25,462618
25,463104
25,463587
25,464069
25,464548
25,465025
25,465500
25,465973
25,466444
25,466913
25,467379
25,467844
25,468307
25,468767
25,469226
25,469682
25,470137
25,470589
25,471040
25,471488
25,471935
25,472379
25,472822
25,473262
25,473701
25,474138
25,474573
25,475005
25,475436
25,475866
25,476293
25,476718
25,477141
25,477563
25,477983
25,478401
25,478817
25,479231
25,479643
25,480054
25,480462
25,480869
25,481274
25,481678
25,482079
25,482479
25,482877
25,483273
25,483668
25,484061
25,484452
25,484841
25,485228
25,485614
25,485999
25,486381
25,486762
25,487141
25,487518
25,487894
25,488268
25,488641
25,489012
25,489381
25,489748
25,490114
25,490479
25,490841
25,491202
25,491562
25,491920
25,492276
25,492631
25,492984
25,493336
25,493686
25,494034
25,494381
25,494727
25,495071
25,495413
25,495754
25,496094
25,496432
25,496768
25,497103
25,497437
25,497769
25,498099
25,498428
25,498756
25,499082
25,499407
25,499730
25,500052
25,500372
25,500692
25,501009
25,501325
25,501640
25,501954
25,502266
25,502577
25,502886
25,503194
25,503500
25,503806
25,504110
25,504412
25,504713
25,505013
25,505312
25,505609
25,505905
25,506200
25,506493
25,506785
25,507076
25,507365
25,507654
25,507940
25,508226
25,508511
25,508794
25,509076
25,509356
25,509636
25,509914
25,510191
25,510467
25,510741
25,511014
25,511286
25,511557
25,511827
25,512096
25,512363
25,512629
25,512894
25,513158
25,513420
25,513682
25,513942
25,514201
25,514460
25,514716
25,514972
25,515227
25,515480
25,515733
25,515984
25,516234
25,516483
25,516731
25,516978
25,517224
25,517469
25,517712
25,517955
25,518196
25,518437
25,518676
25,518914
25,519151
25,519388
25,519623
25,519857
25,520090
25,520322
25,520553
25,520783
25,521012
25,521240
25,521467
25,521693
25,521918
25,522142
25,522365
25,522587
25,522808
25,523028
25,523247
25,523465
25,523683
25,523899
25,524114
25,524328
25,524542
25,524754
25,524965
25,525176
25,525386
25,525594
25,525802
25,526009
25,526215
25,526420
25,526624
25,526827
25,527030
25,527231
25,527432
25,527631
25,527830
25,528028
25,528225
25,528421
25,528616
25,528811
25,529004
25,529197
25,529389
25,529580
25,529770
25,529960
25,530148
25,530336
25,530523
25,530709
25,530894
25,531078
25,531262
25,531444
25,531626
25,531808
25,531988
25,532167
25,532346
25,532524
25,532701
25,532878
25,533053
25,533228
25,533402
25,533576
25,533748
25,533920
25,534091
25,534261
25,534431
25,534600
25,534768
25,534935
25,535101
25,535267
25,535432
25,535597
25,535760
25,535923
25,536085
25,536247
25,536408
25,536568
25,536727
25,536886
25,537044
25,537201
25,537357
25,537513
25,537669
25,537823
25,537977
25,538130
25,538282
25,538434
25,538585
25,538736
25,538885
25,539035
25,539183
25,539331
25,539478
25,539625
25,539770
25,539916
25,540060
25,540204
25,540347
25,540490
25,540632
25,540774
25,540914
25,541054
25,541194
25,541333
25,541471
25,541609
25,541746
25,541883
25,542018
25,542154
25,542288
25,542423
25,542556
25,542689
25,542821
25,542953
25,543084
25,543215
25,543345
25,543474
25,543603
25,543732
25,543859
25,543986
25,544113
25,544239
25,544365
25,544490
25,544614
25,544738
25,544861
25,544984
25,545106
25,545228
25,545349
25,545469
25,545589
25,545709
25,545828
25,545947
25,546064
25,546182
25,546299
25,546415
25,546531
25,546647
25,546761
25,546876
25,546990
25,547103
25,547216
25,547328
25,547440
25,547551
25,547662
25,547773
25,547883
25,547992
25,548101
25,548209
25,548317
25,548425
25,548532
25,548638
25,548745
25,548850
25,548955
25,549060
25,549164
25,549268
25,549371
25,549474
25,549577
25,549679
25,549780
25,549881
25,549982
25,550082
25,550182
25,550281
25,550380
25,550478
25,550576
25,550674
25,550771
25,550867
25,550964
25,551059
25,551155
25,551250
25,551344
25,551438
25,551532
25,551626
25,551718
25,551811
25,551903
25,551995
25,552086
25,552177
25,552267
25,552357
25,552447
25,552536
25,552625
25,552714
25,552802
25,552890
25,552977
25,553064
25,553150
25,553237
25,553322
25,553408
25,553493
25,553577
25,553662
25,553746
25,553829
25,553912
25,553995
25,554078
25,554160
25,554241
25,554323
25,554404
25,554484
25,554565
25,554645
25,554724
25,554804
25,554882
25,554961
25,555039
25,555117
25,555194
25,555272
25,555348
25,555425
25,555501
25,555577
25,555652
25,555727
25,555802
25,555877
25,555951
25,556025
25,556098
25,556171
25,556244
25,556317
25,556389
25,556461
25,556532
25,556604
25,556675
25,556745
25,556816
25,556886
25,556955
25,557025
25,557094
25,557162
25,557231
25,557299
25,557367
25,557435
25,557502
25,557569
25,557635
25,557702
25,557768
25,557834
25,557899
25,557964
25,558029
25,558094
25,558158
25,558222
25,558286
25,558350
25,558413
25,558476
25,558539
25,558601
25,558663
25,558725
25,558787
25,558848
25,558909
25,558970
25,559030
25,559090
25,559150
25,559210
25,559270
25,559329
25,559388
25,559446
25,559505
25,559563
25,559621
25,559678
25,559736
25,559793
25,559850
25,559906
25,559963
25,560019
25,560075
25,560130
25,560186
25,560241
25,560296
25,560350
25,560405
25,560459
25,560513
25,560567
25,560620
25,560673
25,560726
25,560779
25,560831
25,560884
25,560936
25,560988
25,561039
25,561091
25,561142
25,561193
25,561243
25,561294
25,561344
25,561394
25,561444
25,561493
25,561543
25,561592
25,561641
25,561690
25,561738
25,561786
25,561834
25,561882
25,561930
25,561977
25,562025
25,562072
25,562118
25,562165
25,562211
25,562258
25,562304
25,562349
25,562395
25,562440
25,562486
25,562530
25,562575
25,562620
25,562664
25,562708
25,562752
25,562796
25,562840
25,562883
25,562927
25,562970
25,563012
25,563055
25,563098
25,563140
25,563182
25,563224
25,563266
25,563307
25,563348
25,563390
25,563431
25,563471
25,563512
25,563553
25,563593
25,563633
25,563673
25,563713
25,563752
25,563792
25,563831
25,563870
25,563909
25,563947
25,563986
25,564024
25,564062
25,564101
25,564138
25,564176
25,564214
25,564251
25,564288
25,564325
25,564362
25,564399
25,564435
25,564472
25,564508
25,564544
25,564580
25,564616
25,564651
25,564687
25,564722
25,564757
25,564792
25,564827
25,564861
25,564896
25,564930
25,564964
25,564999
25,565032
25,565066
25,565100
25,565133
25,565167
25,565200
25,565233
25,565266
25,565298
25,565331
25,565363
25,565396
25,565428
25,565460
25,565492
25,565523
25,565555
25,565586
25,565618
25,565649
25,565680
25,565711
25,565741
25,565772
25,565803
25,565833
25,565863
25,565893
25,565923
25,565953
25,565983
25,566012
25,566042
25,566071
25,566100
25,566129
25,566158
25,566187
25,566215
25,566244
25,566272
25,566301
25,566329
25,566357
25,566385
25,566412
25,566440
25,566468
25,566495
25,566522
25,566550
25,566577
25,566604
25,566630
25,566657
25,566684
25,566710
25,566736
25,566763
25,566789
25,566815
25,566841
25,566866
25,566892
25,566918
25,566943
25,566968
25,566994
25,567019
25,567044
25,567069
25,567093
25,567118
25,567142
25,567167
25,567191
25,567215
25,567240
25,567264
25,567287
25,567311
25,567335
25,567359
25,567382
25,567405
25,567429
25,567452
25,567475
25,567498
25,567521
25,567544
25,567566
25,567589
25,567611
25,567634
25,567656
25,567678
25,567700
25,567722
25,567744
25,567766
25,567787
25,567809
25,567831
25,567852
25,567873
25,567894
25,567916
25,567937
25,567958
25,567978
25,567999
25,568020
25,568040
25,568061
25,568081
25,568101
25,568122
25,568142
25,568162
25,568182
25,568202
25,568221
25,568241
25,568261
25,568280
25,568300
25,568319
25,568338
25,568357
25,568376
25,568395
25,568414
25,568433
25,568452
25,568470
25,568489
25,568508
25,568526
25,568544
25,568563
25,568581
25,568599
25,568617
25,568635
25,568653
25,568670
25,568688
25,568706
25,568723
25,568741
25,568758
25,568775
25,568793
25,568810
25,568827
25,568844
25,568861
25,568878
25,568894
25,568911
25,568928
25,568944
25,568961
25,568977
25,568994
25,569010
25,569026
25,569042
25,569058
25,569074
25,569090
25,569106
25,569122
25,569137
25,569153
25,569169
25,569184
25,569200
25,569215
25,569230
25,569245
25,569261
25,569276
25,569291
25,569306
25,569321
25,569335
25,569350
25,569365
25,569379
25,569394
25,569408
25,569423
25,569437
25,569452
25,569466
25,569480
25,569494
25,569508
25,569522
25,569536
25,569550
25,569564
25,569578
25,569591
25,569605
25,569618
25,569632
25,569645
25,569659
25,569672
25,569685
25,569699
25,569712
25,569725
25,569738
25,569751
25,569764
25,569777
25,569790
25,569802
25,569815
25,569828
25,569840
25,569853
25,569865
25,569878
25,569890
25,569902
25,569915
25,569927
25,569939
25,569951
25,569963
25,569975
25,569987
25,569999
25,570011
25,570023
25,570034
25,570046
25,570058
25,570069
25,570081
25,570092
25,570104
25,570115
25,570126
25,570137
25,570149
25,570160
25,570171
25,570182
25,570193
25,570204
25,570215
25,570226
25,570237
25,570247
25,570258
25,570269
25,570280
25,570290
25,570301
25,570311
25,570322
25,570332
25,570342
25,570353
25,570363
25,570373
25,570383
25,570394
25,570404
25,570414
25,570424
25,570434
25,570444
25,570453
25,570463
25,570473
25,570483
25,570492
25,570502
25,570512
25,570521
25,570531
25,570540
25,570550
25,570559
25,570569
25,570578
25,570587
25,570596
25,570606
25,570615
25,570624
25,570633
25,570642
25,570651
25,570660
25,570669
25,570678
25,570687
25,570695
25,570704
25,570713
25,570721
25,570730
25,570739
25,570747
25,570756
25,570764
25,570773
25,570781
25,570790
25,570798
25,570806
25,570814
25,570823
25,570831
25,570839
25,570847
25,570855
25,570863
25,570871
25,570879
25,570887
25,570895
25,570903
25,570911
25,570919
25,570926
25,570934
25,570942
25,570950
25,570957
25,570965
25,570972
25,570980
25,570987
25,570995
25,571002
25,571010
25,571017
25,571024
25,571032
25,571039
25,571046
25,571054
25,571061
25,571068
25,571075
25,571082
25,571089
25,571096
25,571103
25,571110
25,571117
25,571124
25,571131
25,571138
25,571144
25,571151
25,571158
25,571165
25,571171
25,571178
25,571185
25,571191
25,571198
25,571204
25,571211
25,571217
25,571224
25,571230
25,571237
25,571243
25,571249
25,571256
25,571262
25,571268
25,571274
25,571281
25,571287
25,571293
25,571299
25,571305
25,571311
25,571317
25,571323
25,571329
25,571335
25,571341
25,571347
25,571353
25,571359
25,571365
25,571370
25,571376
25,571382
25,571388
25,571393
25,571399
25,571405
25,571410
25,571416
25,571422
25,571427
25,571433
25,571438
25,571444
25,571449
25,571455
25,571460
25,571465
25,571471
25,571476
25,571481
25,571487
25,571492
25,571497
25,571502
25,571508
25,571513
25,571518
25,571523
25,571528
25,571533
25,571538
25,571543
25,571548
25,571553
25,571558
25,571563
25,571568
25,571573
25,571578
25,571583
25,571588
25,571592
25,571597
25,571602
25,571607
25,571612
25,571616
25,571621
25,571626
25,571630
25,571635
25,571640
25,571644
25,571649
25,571653
25,571658
25,571662
25,571667
25,571671
25,571676
25,571680
25,571685
25,571689
25,571693
25,571698
25,571702
25,571706
25,571711
25,571715
25,571719
25,571723
25,571728
25,571732
25,571736
25,571740
25,571744
25,571748
25,571753
25,571757
25,571761
25,571765
25,571769
25,571773
25,571777
25,571781
25,571785
25,571789
25,571793
25,571797
25,571801
25,571804
25,571808
25,571812
25,571816
25,571820
25,571824
25,571827
25,571831
25,571835
25,571839
25,571842
25,571846
25,571850
25,571853
25,571857
25,571861
25,571864
25,571868
25,571871
25,571875
25,571879
25,571882
25,571886
25,571889
25,571893
25,571896
25,571900
25,571903
25,571906
25,571910
25,571913
25,571917
25,571920
25,571923
25,571927
25,571930
25,571933
25,571937
25,571940
25,571943
25,571946
25,571950
25,571953
25,571956
25,571959
25,571963
25,571966
25,571969
25,571972
25,571975
25,571978
25,571981
25,571984
25,571987
25,571991
25,571994
25,571997
25,572000
25,572003
25,572006
25,572009
25,572012
25,572014
25,572017
25,572020
25,572023
25,572026
25,572029
25,572032
25,572035
25,572038
25,572040
25,572043
25,572046
25,572049
25,572052
25,572054
25,572057
25,572060
25,572063
25,572065
25,572068
25,572071
25,572074
25,572076
25,572079
25,572082
25,572084
25,572087
25,572089
25,572092
25,572095
25,572097
25,572100
25,572102
25,572105
25,572107
25,572110
25,572112
25,572115
25,572117
25,572120
25,572122
25,572125
25,572127
25,572130
25,572132
25,572135
25,572137
25,572139
25,572142
25,572144
25,572147
25,572149
25,572151
25,572154
25,572156
25,572158
25,572161
25,572163
25,572165
25,572167
25,572170
25,572172
25,572174
25,572176
25,572179
25,572181
25,572183
25,572185
25,572187
25,572190
25,572192
25,572194
25,572196
25,572198
25,572200
25,572202
25,572205
25,572207
25,572209
25,572211
25,572213
25,572215
25,572217
25,572219
25,572221
25,572223
25,572225
25,572227
25,572229
25,572231
25,572233
25,572235
25,572237
25,572239
25,572241
25,572243
25,572245
25,572247
25,572249
25,572251
25,572252
25,572254
25,572256
25,572258
25,572260
25,572262
25,572264
25,572266
25,572267
25,572269
25,572271
25,572273
25,572275
25,572276
25,572278
25,572280
25,572282
25,572283
25,572285
25,572287
25,572289
25,572290
25,572292
25,572294
25,572296
25,572297
25,572299
25,572301
25,572302
25,572304
25,572306
25,572307
25,572309
25,572311
25,572312
25,572314
25,572315
25,572317
25,572319
25,572320
25,572322
25,572323
25,572325
25,572327
25,572328
25,572330
25,572331
25,572333
25,572334
25,572336
25,572337
25,572339
25,572340
25,572342
25,572343
25,572345
25,572346
25,572348
25,572349
25,572351
25,572352
25,572354
25,572355
25,572357
25,572358
25,572359
25,572361
25,572362
25,572364
25,572365
25,572366
25,572368
25,572369
25,572371
25,572372
25,572373
25,572375
25,572376
25,572377
25,572379
25,572380
25,572381
25,572383
25,572384
25,572385
25,572387
25,572388
25,572389
25,572390
25,572392
25,572393
25,572394
25,572396
25,572397
25,572398
25,572399
25,572400
25,572402
25,572403
25,572404
25,572405
25,572407
25,572408
25,572409
25,572410
25,572411
25,572413
25,572414
25,572415
25,572416
25,572417
25,572418
25,572420
25,572421
25,572422
25,572423
25,572424
25,572425
25,572426
25,572428
25,572429
25,572430
25,572431
25,572432
25,572433
25,572434
25,572435
25,572436
25,572437
25,572439
25,572440
25,572441
25,572442
25,572443
25,572444
25,572445
25,572446
25,572447
25,572448
25,572449
25,572450
25,572451
25,572452
25,572453
25,572454
25,572455
25,572456
25,572457
25,572458
25,572459
25,572460
25,572461
25,572462
25,572463
25,572464
25,572465
25,572466
25,572467
25,572468
25,572469
25,572469
25,572470
25,572471
25,572472
25,572473
25,572474
25,572475
25,572476
25,572477
25,572478
25,572479
25,572480
25,572480
25,572481
25,572482
25,572483
25,572484
25,572485
25,572486
25,572486
25,572487
25,572488
25,572489
25,572490
25,572491
25,572492
25,572492
25,572493
25,572494
25,572495
25,572496
25,572497
25,572497
25,572498
25,572499
25,572500
25,572501
25,572501
25,572502
25,572503
25,572504
25,572504
25,572505
25,572506
25,572507
25,572508
25,572508
25,572509
25,572510
25,572511
25,572511
25,572512
25,572513
25,572514
25,572514
25,572515
25,572516
25,572516
25,572517
25,572518
25,572519
25,572519
25,572520
25,572521
25,572521
25,572522
25,572523
25,572524
25,572524
25,572525
25,572526
25,572526
25,572527
25,572528
25,572528
25,572529
25,572530
25,572530
25,572531
25,572532
25,572532
25,572533
25,572534
25,572534
25,572535
25,572536
25,572536
25,572537
25,572537
25,572538
25,572539
25,572539
25,572540
25,572541
25,572541
25,572542
25,572542
25,572543
25,572544
25,572544
25,572545
25,572545
25,572546
25,572547
25,572547
25,572548
25,572548
25,572549
25,572550
25,572550
25,572551
25,572551
25,572552
25,572552
25,572553
25,572554
25,572554
25,572555
25,572555
25,572556
25,572556
25,572557
25,572557
25,572558
25,572559
25,572559
25,572560
25,572560
25,572561
25,572561
25,572562
25,572562
25,572563
25,572563
25,572564
25,572564
25,572565
25,572565
25,572566
25,572566
25,572567
25,572567
25,572568
25,572568
25,572569
25,572569
25,572570
25,572570
25,572571
25,572571
25,572572
25,572572
25,572573
25,572573
25,572574
25,572574
25,572575
25,572575
25,572576
25,572576
25,572576
25,572577
25,572577
25,572578
25,572578
25,572579
25,572579
25,572580
25,572580
25,572580
25,572581
25,572581
25,572582
25,572582
25,572583
25,572583
25,572584
25,572584
25,572584
25,572585
25,572585
25,572586
25,572586
25,572586
25,572587
25,572587
25,572588
25,572588
25,572589
25,572589
25,572589
25,572590
25,572590
25,572591
25,572591
25,572591
25,572592
25,572592
25,572593
25,572593
25,572593
25,572594
25,572594
25,572594
25,572595
25,572595
25,572596
25,572596
25,572596
25,572597
25,572597
25,572597
25,572598
25,572598
25,572599
25,572599
25,572599
25,572600
25,572600
25,572600
25,572601
25,572601
25,572601
25,572602
25,572602
25,572602
25,572603
25,572603
25,572603
25,572604
25,572604
25,572604
25,572605
25,572605
25,572605
25,572606
25,572606
25,572606
25,572607
25,572607
25,572607
25,572608
25,572608
25,572608
25,572609
25,572609
25,572609
25,572610
25,572610
25,572610
25,572611
25,572611
25,572611
25,572611
25,572612
25,572612
25,572612
25,572613
25,572613
25,572613
25,572614
25,572614
25,572614
25,572614
25,572615
25,572615
25,572615
25,572616
25,572616
25,572616
25,572616
25,572617
25,572617
25,572617
25,572618
25,572618
25,572618
25,572618
25,572619
25,572619
25,572619
25,572620
25,572620
25,572620
25,572620
25,572621
25,572621
25,572621
25,572621
25,572622
25,572622
25,572622
25,572622
25,572623
25,572623
25,572623
25,572623
25,572624
25,572624
25,572624
25,572624
25,572625
25,572625
25,572625
25,572625
25,572626
25,572626
25,572626
25,572626
25,572627
25,572627
25,572627
25,572627
25,572628
25,572628
25,572628
25,572628
25,572628
25,572629
25,572629
25,572629
25,572629
25,572630
25,572630
25,572630
25,572630
25,572630
25,572631
25,572631
25,572631
25,572631
25,572632
25,572632
25,572632
25,572632
25,572632
25,572633
25,572633
25,572633
25,572633
25,572633
25,572634
25,572634
25,572634
25,572634
25,572635
25,572635
25,572635
25,572635
25,572635
25,572636
25,572636
25,572636
25,572636
25,572636
25,572636
25,572637
25,572637
25,572637
25,572637
25,572637
25,572638
25,572638
25,572638
25,572638
25,572638
25,572639
25,572639
25,572639
25,572639
25,572639
25,572639
25,572640
25,572640
25,572640
25,572640
25,572640
25,572641
25,572641
25,572641
25,572641
25,572641
25,572641
25,572642
25,572642
25,572642
25,572642
25,572642
25,572642
25,572643
25,572643
25,572643
25,572643
25,572643
25,572643
25,572644
25,572644
25,572644
25,572644
25,572644
25,572644
25,572645
25,572645
25,572645
25,572645
25,572645
25,572645
25,572646
25,572646
25,572646
25,572646
25,572646
25,572646
25,572646
25,572647
25,572647
25,572647
25,572647
25,572647
25,572647
25,572647
25,572648
25,572648
25,572648
25,572648
25,572648
25,572648
25,572648
25,572649
25,572649
25,572649
25,572649
25,572649
25,572649
25,572649
25,572650
25,572650
25,572650
25,572650
25,572650
25,572650
25,572650
25,572651
25,572651
25,572651
25,572651
25,572651
25,572651
25,572651
25,572651
25,572652
25,572652
25,572652
25,572652
25,572652
25,572652
25,572652
25,572652
25,572653
25,572653
25,572653
25,572653
25,572653
25,572653
25,572653
25,572653
25,572654
25,572654
25,572654
25,572654
25,572654
25,572654
25,572654
25,572654
25,572654
25,572655
25,572655
25,572655
25,572655
25,572655
25,572655
25,572655
25,572655
25,572655
25,572656
25,572656
25,572656
25,572656
25,572656
25,572656
25,572656
25,572656
25,572656
25,572657
25,572657
25,572657
25,572657
25,572657
25,572657
25,572657
25,572657
25,572657
25,572657
25,572658
25,572658
25,572658
25,572658
25,572658
25,572658
25,572658
25,572658
25,572658
25,572658
25,572659
25,572659
25,572659
25,572659
25,572659
25,572659
25,572659
25,572659
25,572659
25,572659
25,572660
25,572660
25,572660
25,572660
25,572660
25,572660
25,572660
25,572660
25,572660
25,572660
25,572660
25,572660
25,572661
25,572661
25,572661
25,572661
25,572661
25,572661
25,572661
25,572661
25,572661
25,572661
25,572661
25,572662
25,572662
25,572662
25,572662
25,572662
25,572662
25,572662
25,572662
25,572662
25,572662
25,572662
25,572662
25,572662
25,572663
25,572663
25,572663
25,572663
25,572663
25,572663
25,572663
25,572663
25,572663
25,572663
25,572663
25,572663
25,572663
25,572664
25,572664
25,572664
25,572664
25,572664
25,572664
25,572664
25,572664
25,572664
25,572664
25,572664
25,572664
25,572664
25,572665
25,572665
25,572665
25,572665
25,572665
25,572665
25,572665
25,572665
25,572665
25,572665
25,572665
25,572665
25,572665
25,572665
25,572665
25,572666
25,572666
25,572666
25,572666
25,572666
25,572666
25,572666
25,572666
25,572666
25,572666
25,572666
25,572666
25,572666
25,572666
25,572666
25,572666
25,572667
25,572667
25,572667
25,572667
25,572667
25,572667
25,572667
25,572667
25,572667
25,572667
25,572667
25,572667
25,572667
25,572667
25,572667
25,572667
25,572667
25,572668
25,572668
25,572668
25,572668
25,572668
25,572668
25,572668
25,572668
25,572668
25,572668
25,572668
25,572668
25,572668
25,572668
25,572668
25,572668
25,572668
25,572668
25,572669
25,572669
25,572669
25,572669
25,572669
25,572669
25,572669
25,572669
25,572669
25,572669
25,572669
25,572669
25,572669
25,572669
25,572669
25,572669
25,572669
25,572669
25,572669
25,572669
25,572670
25,572670
25,572670
25,572670
25,572670
25,572670
25,572670
25,572670
25,572670
25,572670
25,572670
25,572670
25,572670
25,572670
25,572670
25,572670
25,572670
25,572670
25,572670
25,572670
25,572670
25,572670
25,572671
25,572671
25,572671
25,572671
25,572671
25,572671
25,572671
25,572671
25,572671
25,572671
25,572671
25,572671
25,572671
25,572671
25,572671
25,572671
25,572671
25,572671
25,572671
25,572671
25,572671
25,572671
25,572671
25,572671
25,572672
25,572672
25,572672
25,572672
25,572672
25,572672
25,572672
25,572672
25,572672
25,572672
25,572672
25,572672
25,572672
25,572672
25,572672
25,572672
25,572672
25,572672
25,572672
25,572672
25,572672
25,572672
25,572672
25,572672
25,572672
25,572672
25,572672
25,572673
25,572673
25,572673
25,572673
25,572673
25,572673
25,572673
25,572673
25,572673
25,572673
25,572673
25,572673
25,572673
25,572673
25,572673
25,572673
25,572673
25,572673
25,572673
25,572673
25,572673
25,572673
25,572673
25,572673
25,572673
25,572673
25,572673
25,572673
25,572673
25,572673
25,572673
25,572674
25,572674
25,572674
25,572674
25,572674
25,572674
25,572674
25,572674
25,572674
25,572674
25,572674
25,572674
25,572674
25,572674
25,572674
25,572674
25,572674
25,572674
25,572674
25,572674
25,572674
25,572674
25,572674
25,572674
25,572674
25,572674
25,572674
25,572674
25,572674
25,572674
25,572674
25,572674
25,572674
25,572674
25,572674
25,572675
25,572675
25,572675
25,572675
25,572675
25,572675
25,572675
25,572675
25,572675
25,572675
25,572675
25,572675
25,572675
25,572675
25,572675
25,572675
25,572675
25,572675
25,572675
25,572675
25,572675
25,572675
25,572675
25,572675
25,572675
25,572675
25,572675
25,572675
25,572675
25,572675
25,572675
25,572675
25,572675
25,572675
25,572675
25,572675
25,572675
25,572675
25,572675
25,572675
25,572675
25,572675
25,572676
25,572676
25,572676
25,572676
25,572676
25,572676
25,572676
25,572676
25,572676
25,572676
25,572676
25,572676
25,572676
25,572676
25,572676
25,572676
25,572676
25,572676
25,572676
25,572676
25,572676
25,572676
25,572676
25,572676
25,572676
25,572676
25,572676
25,572676
25,572676
25,572676
25,572676
25,572676
25,572676
25,572676
25,572676
25,572676
25,572676
25,572676
25,572676
25,572676
25,572676
25,572676
25,572676
25,572676
25,572676
25,572676
25,572676
25,572676
25,572676
25,572676
25,572676
25,572676
25,572677
25,572677
25,572677
25,572677
25,572677
25,572677
25,572677
25,572677
25,572677
25,572677
25,572677
25,572677
25,572677
25,572677
25,572677
25,572677
25,572677
25,572677
25,572677
25,572677
25,572677
25,572677
25,572677
25,572677
25,572677
25,572677
25,572677
25,572677
25,572677
25,572677
25,572677
25,572677
25,572677
25,572677
25,572677
25,572677
25,572677
25,572677
25,572677
25,572677
25,572677
25,572677
25,572677
25,572677
25,572677
25,572677
25,572677
25,572677
25,572677
25,572677
25,572677
25,572677
25,572677
25,572677
25,572677
25,572677
25,572677
25,572677
25,572677
25,572677
25,572677
25,572677
25,572677
25,572677
25,572677
25,572677
25,572677
25,572678
25,572678
25,572678
25,572678
25,572678
25,572678
25,572678
25,572678
25,572678
25,572678
25,572678
25,572678
25,572678
25,572678
25,572678
25,572678
25,572678
25,572678
25,572678
25,572678
25,572678
25,572678
25,572678
25,572678
25,572678
25,572678
25,572678
25,572678
25,572678
25,572678
25,572678
25,572678
25,572678
25,572678
25,572678
25,572678
25,572678
25,572678
25,572678
25,572678
25,572678
25,572678
25,572678
25,572678
25,572678
25,572678
25,572678
25,572678
25,572678
25,572678
25,572678
25,572678
25,572678
25,572678
25,572678
25,572678
25,572678
25,572678
25,572678
25,572678
25,572678
25,572678
25,572678
25,572678
25,572678
25,572678
25,572678
25,572678
25,572678
25,572678
25,572678
25,572678
25,572678
25,572678
25,572678
25,572678
25,572678
25,572678
25,572678
25,572678
25,572678
25,572678
25,572678
25,572678
25,572678
25,572678
25,572678
25,572678
25,572678
25,572678
25,572678
25,572678
25,572678
25,572678
25,572678
25,572678
25,572678
25,572679
25,572679
25,572679
25,572679
25,572679
25,572679
25,572679
25,572679
25,572679
25,572679
25,572679
25,572679
25,572679
25,572679
25,572679
25,572679
25,572679
25,572679
25,572679
25,572679
25,572679
25,572679
25,572679
25,572679
25,572679
25,572679
25,572679
25,572679
25,572679
25,572679
25,572679
25,572679
25,572679
25,572679
25,572679
25,572679
25,572679
25,572679
25,572679
25,572679
25,572679
25,572679
25,572679
25,572679
25,572679
25,572680
25,572680
25,572680
25,572680
25,572680
25,572680
25,572680
25,572680
25,572680
25,572680
25,572680
25,572680
25,572680
25,572680
25,572680
25,572680
25,572680
25,572680
25,572680
25,572680
25,572680
25,572680
25,572680
25,572680
25,572680
25,572680
25,572680
25,572680
25,572680
25,572680
25,572680
25,572680
25,572680
25,572680
25,572680
25,572680
25,572680
25,572680
25,572680
25,572680
25,572680
25,572680
25,572680
25,572680
25,572680
25,572680
25,572680
25,572680
25,572680
25,572680
25,572680
25,572680
25,572680
25,572680
25,572680
25,572680
25,572680
25,572680
25,572680
25,572680
25,572680
25,572680
25,572680
25,572680
25,572680
25,572680
25,572680
25,572680
25,572680
25,572680
25,572680
25,572680
25,572680
25,572680
25,572680
25,572680
25,572680
25,572680
25,572680
25,572680
25,572680
25,572680
25,572680
25,572680
25,572680
25,572680
25,572680
25,572680
25,572680
25,572680
25,572680
25,572680
25,572680
25,572680
25,572680
25,572680
25,572680
25,572680
25,572680
25,572680
25,572680
25,572680
25,572680
25,572680
25,572680
25,572680
25,572680
25,572680
25,572680
25,572680
25,572680
25,572680
25,572680
25,572680
25,572680
25,572680
25,572680
25,572680
25,572680
25,572680
25,572680
25,572680
25,572680
25,572680
25,572680
25,572680
25,572680
25,572680
25,572680
25,572680
25,572680
25,572680
25,572680
25,572680
25,572680
25,572680
25,572680
25,572680
25,572680
25,572680
25,572680
25,572680
25,572680
25,572680
25,572680
25,572680
25,572680
25,572680
25,572680
25,572680
25,572680
25,572680
25,572680
25,572680
25,572680
25,572680
25,572680
25,572680
25,572680
25,572680
25,572680
25,572680
25,572680
25,572680
25,572680
25,572680
25,572680
25,572680
25,572680
25,572680
25,572680
25,572680
25,572680
25,572680
25,572680
25,572680
25,572680
25,572680
25,572680
25,572680
25,572680
25,572680
25,572680
25,572680
25,572680
25,572680
25,572680
25,572680
25,572680
25,572680
25,572680
25,572680
25,572680
25,572680
25,572680
25,572680
25,572680
25,572680
25,572680
25,572680
25,572680
25,572680
25,572680
25,572680
25,572680
25,572680
25,572680
25,572680
25,572680
25,572680
25,572680
25,572680
25,572680
25,572680
25,572680
25,572680
25,572680
25,572680
25,572680
25,572680
25,572680
25,572680
25,572680
25,572680
25,572680
25,572680
25,572680
25,572680
25,572680
25,572680
25,572680
25,572680
25,572680
25,572680
25,572680
25,572680
25,572680
25,572680
25,572680
25,572680
25,572680
25,572680
25,572680
25,572680
25,572680
25,572680
25,572680
25,572680
25,572680
25,572680
25,572680
25,572680
25,572680
25,572680
25,572680
25,572680
25,572680
25,572680
25,572680
25,572680
25,572680
25,572680
25,572680
25,572680
25,572680
25,572680
25,572680
25,572680
25,572680
25,572680
25,572680
25,572680
25,572680
25,572680
25,572680
25,572680
25,572680
25,572680
25,572680
25,572680
25,572680
25,572680
25,572680
25,572680
25,572680
25,572680
25,572680
25,572680
25,572680
25,572680
25,572680
25,572680
25,572680
25,572680
25,572680
25,572680
25,572680
25,572680
25,572680
25,572680
25,572680
25,572680
25,572680
25,572680
25,572680
25,572680
25,572680
25,572680
25,572680
25,572680
25,572680
25,572680
25,572680
25,572680
25,572680
25,572680
25,572680
25,572680
25,572680
25,572680
25,572680
25,572680
25,572680
25,572680
25,572680
25,572680
25,572680
25,572680
25,572680
25,572680
25,572680
25,572680
25,572680
25,572680
25,572680
25,572680
25,572680
25,572680
25,572680
25,572680
25,572680
25,572680
25,572680
25,572680
25,572680
25,572680
25,572680
25,572680
25,572680
25,572680
25,572680
25,572680
25,572680
25,572680
25,572680
25,572680
25,572680
25,572680
25,572680
25,572680
25,572680
25,572680
25,572680
25,572680
25,572680
25,572680
25,572680
25,572680
25,572680
25,572680
25,572680
25,572680
25,572680
25,572680
25,572680
25,572680
25,572680
25,572680
25,572680
25,572680
25,572680
25,572680
25,572680
25,572680
25,572680
25,572680
25,572680
25,572680
25,572680
25,572680
25,572680
25,572680
25,572680
25,572680
25,572680
25,572680
25,572680
25,572680
25,572680
25,572680
25,572680
25,572680
25,572680
25,572680
25,572680
25,572680
25,572680
25,572680
25,572680
25,572680
25,572680
25,572680
25,572680
25,572680
25,572680
25,572680
25,572680
25,572680
25,572680
25,572680
25,572680
25,572680
25,572680
25,572680
25,572680
25,572680
25,572680
25,572680
25,572680
25,572680
25,572680
25,572680
25,572680
25,572680
25,572680
25,572680
25,572680
25,572680
25,572680
25,572680
25,572680
25,572680
25,572680
25,572680
25,572680
25,572680
25,572680
25,572680
25,572680
25,572680
25,572680
25,572680
25,572680
25,572680
25,572680
25,572680
25,572680
25,572680
25,572680
25,572680
25,572680
25,572680
25,572680
25,572680
25,572680
25,572680
25,572680
25,572680
25,572680
25,572680
25,572680
25,572680
25,572680
25,572680
25,572680
25,572680
25,572680
25,572680
25,572680
25,572680
25,572680
25,572680
25,572680
25,572680
25,572680
25,572680
25,572680
25,572680
25,572680
25,572680
25,572680
25,572680
25,572680
25,572680
25,572680
25,572680
25,572680
25,572680
25,572680
25,572680
25,572680
25,572680
25,572680
25,572680
25,572680
25,572680
25,572680
25,572680
25,572680
25,572680
25,572680
25,572680
25,572680
25,572680
25,572680
25,572680
25,572680
25,572680
25,572680
25,572680
25,572680
25,572680
25,572680
25,572680
25,572680
25,572680
25,572680
25,572680
25,572680
25,572680
25,572680
25,572680
25,572680
25,572680
25,572680
25,572680
25,572680
25,572680
25,572680
25,572680
25,572680
25,572680
25,572680
25,572680
25,572680
25,572680
25,572680
25,572680
25,572680
25,572680
25,572680
25,572680
25,572680
25,572680
25,572680
25,572680
25,572680
25,572680
25,572680
25,572680
25,572680
25,572680
25,572680
25,572680
25,572680
25,572680
25,572680
25,572680
25,572680
25,572680
25,572680
25,572680
25,572680
25,572680
25,572680
25,572680
25,572680
25,572680
25,572680
25,572680
25,572680
25,572680
25,572680
25,572680
25,572680
25,572680
25,572680
25,572680
25,572680
25,572680
25,572680
25,572680
25,572680
25,572680
25,572680
25,572680
25,572680
25,572680
25,572680
25,572680
25,572680
25,572680
25,572680
25,572680
25,572680
25,572680
25,572680
25,572680
25,572680
25,572680
25,572680
25,572680
25,572680
25,572680
25,572680
25,572680
25,572680
25,572680
25,572680
25,572680
25,572680
25,572680
25,572680
25,572680
25,572680
25,572680
25,572680
25,572680
25,572680
25,572680
25,572680
25,572680
25,572680
25,572680
25,572680
25,572680
25,572680
25,572680
25,572680
25,572680
25,572680
25,572680
25,572680
25,572680
25,572680
25,572680
25,572680
25,572680
25,572680
25,572680
25,572680
25,572680
25,572680
25,572680
25,572680
25,572680
25,572680
25,572680
25,572680
25,572680
25,572680
25,572680
25,572680
25,572680
25,572680
25,572680
25,572680
25,572680
25,572680
25,572680
25,572680
25,572680
25,572680
25,572680
25,572680
25,572680
25,572680
25,572680
25,572680
25,572680
25,572680
25,572680
25,572680
25,572680
25,572680
25,572680
25,572680
25,572680
25,572680
25,572680
25,572680
25,572680
25,572680
25,572680
25,572680
25,572680
25,572680
25,572680
25,572680
25,572680
25,572680
25,572680
25,572680
25,572680
25,572680
25,572680
25,572680
25,572680
25,572680
25,572680
25,572680
25,572680
25,572680
25,572680
25,572680
25,572680
25,572680
25,572680
25,572680
25,572680
25,572680
25,572680
25,572680
25,572680
25,572680
25,572680
25,572680
25,572680
25,572680
25,572680
25,572680
25,572680
25,572680
25,572680
25,572680
25,572680
25,572680
25,572680
25,572680
25,572680
25,572680
25,572680
25,572680
25,572680
25,572680
25,572680
25,572680
25,572680
25,572680
25,572680
25,572680
25,572680
25,572680
25,572680
25,572680
25,572680
25,572680
25,572680
25,572680
25,572680
25,572680
25,572680
25,572680
25,572680
25,572680
25,572680
25,572680
25,572680
25,572680
25,572680
25,572680
25,572680
25,572680
25,572680
25,572680
25,572680
25,572680
25,572680
25,572680
25,572680
25,572680
25,572680
25,572680
25,572680
25,572680
25,572680
25,572680
25,572680
25,572680
25,572680
25,572680
25,572680
25,572680
25,572680
25,572680
25,572680
25,572680
25,572680
25,572680
25,572680
25,572680
25,572680
25,572680
25,572680
25,572680
25,572680
25,572680
25,572680
25,572680
25,572680
25,572680
25,572680
25,572680
25,572680
25,572680
25,572680
25,572680
25,572680
25,572680
25,572680
25,572680
25,572680
25,572680
25,572680
25,572680
25,572680
25,572680
25,572680
25,572680
25,572680
25,572680
25,572680
25,572680
25,572680
25,572680
25,572680
25,572680
25,572680
25,572680
25,572680
25,572680
25,572680
25,572680
25,572680
25,572680
25,572680
25,572680
25,572680
25,572680
25,572680
25,572680
25,572680
25,572680
25,572680
25,572680
25,572680
25,572680
25,572680
25,572680
25,572680
25,572680
25,572680
25,572680
25,572680
25,572680
25,572680
25,572680
25,572680
25,572680
25,572680
25,572680
25,572680
25,572680
25,572680
25,572680
25,572680
25,572680
25,572680
25,572680
25,572680
25,572680
25,572680
25,572680
25,572680
25,572680
25,572680
25,572680
25,572680
25,572680
25,572680
25,572680
25,572680
25,572680
25,572680
25,572680
25,572680
25,572680
25,572680
25,572680
25,572680
25,572680
25,572680
25,572680
25,572680
25,572680
25,572680
25,572680
25,572680
25,572680
25,572680
25,572680
25,572680
25,572680
25,572680
25,572680
25,572680
25,572680
25,572680
25,572680
25,572680
25,572680
25,572680
25,572680
25,572680
25,572680
25,572680
25,572680
25,572680
25,572680
25,572680
25,572680
25,572680
25,572680
25,572680
25,572680
25,572680
25,572680
25,572680
25,572680
25,572680
25,572680
25,572680
25,572680
25,572680
25,572680
25,572680
25,572680
25,572680
25,572680
25,572680
25,572680
25,572680
25,572680
25,572680
25,572680
25,572680
25,572680
25,572680
25,572680
25,572680
25,572680
25,572680
25,572680
25,572680
25,572680
25,572680
25,572680
25,572680
25,572680
25,572680
25,572680
25,572680
25,572680
25,572680
25,572680
25,572680
25,572680
25,572680
25,572680
25,572680
25,572680
25,572680
25,572680
25,572680
25,572680
25,572680
25,572680
25,572680
25,572680
